partida2 alejandro alex2 18/05/18_19:49:47
0 0 0 0 0 0 0 0 0 0
0 9 11 10 7 8 10 11 9 0
0 12 12 12 12 12 12 12 12 0
0 0 0 0 0 0 0 0 0 0
0 0 0 0 0 0 0 0 0 0
0 0 0 0 0 0 0 0 0 0
0 0 0 0 0 0 0 1 0 0
0 1 1 1 1 1 1 0 1 0
0 4 2 3 6 5 3 2 4 0
0 0 0 0 0 0 0 0 0 0
partida3 rey reina 18/05/18_19:52:02
0 0 0 0 0 0 0 0 0 0
0 9 11 10 7 8 10 11 9 0
0 12 12 12 12 12 12 12 12 0
0 0 0 0 0 0 0 0 0 0
0 0 0 0 0 0 0 0 0 0
0 0 0 0 0 0 0 0 0 0
0 0 0 0 1 0 0 0 0 0
0 1 1 1 0 1 1 1 1 0
0 4 2 3 6 5 3 2 4 0
0 0 0 0 0 0 0 0 0 0
partida5 rey reina 18/05/18_20:01:13
0 0 0 0 0 0 0 0 0 0
0 9 11 10 7 8 10 11 9 0
0 12 12 12 12 12 12 12 12 0
0 0 0 0 0 0 0 0 0 0
0 0 0 0 0 0 0 0 0 0
0 0 0 0 0 0 0 0 0 0
0 0 0 0 1 0 0 0 0 0
0 1 1 1 0 1 1 1 1 0
0 4 2 3 6 5 3 2 4 0
0 0 0 0 0 0 0 0 0 0
